USERS

User 1: 51 Female Miscellaneous 0 0 0 0 0 2 3 0 0 4 0 1 0 0 3 0 4 3 0 0 5 0 5 0 0 0 2 0 3 0 1 1 2 0 2 0 1 0 0 1 0 1 0 0 0 1 1 0 0 0 
User 2: 41 Male Lawyer 0 0 0 5 3 0 0 0 0 0 1 0 2 2 2 0 1 1 0 0 0 0 0 0 0 5 0 0 0 0 0 0 0 0 0 2 0 3 0 0 0 0 4 0 0 2 5 0 0 3 
User 3: 55 Female Engineer 4 3 0 0 0 0 3 3 0 5 5 2 0 0 0 0 4 1 0 0 0 1 0 0 0 0 0 3 2 0 4 0 0 0 3 0 0 0 5 0 2 0 0 0 4 0 3 4 0 0 
User 4: 13 Male Lawyer 0 0 0 0 0 4 0 0 0 0 0 2 0 5 0 5 0 0 3 0 4 0 0 3 0 0 0 0 0 0 4 4 2 2 0 0 0 0 1 3 4 0 0 0 0 0 5 5 4 5 
User 5: 65 Female Miscellaneous 0 5 0 4 3 0 1 0 2 2 1 1 4 5 3 0 0 2 0 3 0 2 0 0 0 0 1 3 0 1 0 0 1 0 1 0 2 0 0 1 0 2 1 0 1 2 0 3 3 0 
User 6: 27 Female Engineer 0 4 0 0 0 0 2 0 0 1 0 0 0 0 4 0 5 0 0 4 1 3 0 0 0 0 0 1 0 0 1 0 0 3 0 0 0 5 0 1 0 0 0 0 0 0 0 0 0 4 
User 7: 12 Female Teacher 4 0 3 1 0 5 0 0 0 0 0 0 0 4 3 0 0 1 0 0 0 3 5 1 0 0 0 0 1 0 0 1 0 1 2 0 0 2 0 4 0 5 3 0 1 0 3 5 0 4 
User 8: 22 Male Lawyer 0 1 0 3 0 0 0 0 0 0 0 4 0 0 1 0 0 5 0 0 0 0 4 2 4 2 0 0 0 0 0 0 3 4 0 0 0 0 0 0 0 0 1 0 2 0 0 0 0 1 
User 9: 49 Male Teacher 0 4 0 0 0 0 0 0 0 0 0 3 0 5 0 3 0 4 0 0 4 0 0 5 0 0 0 1 0 0 0 0 0 0 4 0 0 0 0 0 5 3 0 0 0 0 0 0 0 5 
User 10: 12 Female Doctor 3 0 0 0 2 0 5 5 5 4 4 5 0 0 0 0 0 1 1 0 4 5 0 4 0 0 0 0 4 0 0 0 0 2 0 1 0 0 1 0 3 1 3 0 4 3 0 0 1 0 
User 11: 33 Female Miscellaneous 0 4 3 0 0 0 4 2 0 0 4 0 0 0 0 0 0 3 0 0 1 0 1 0 0 1 0 0 0 0 0 0 5 0 0 0 0 0 0 0 0 0 0 0 2 0 0 0 0 5 
User 12: 67 Male Miscellaneous 0 4 2 0 0 0 0 0 0 0 0 0 0 0 4 0 0 0 0 5 5 0 0 5 1 0 0 0 3 0 0 0 2 0 0 0 0 0 0 3 0 0 0 4 1 0 0 0 0 0 
User 13: 43 Male Engineer 5 2 0 5 0 3 0 4 0 0 0 0 3 0 0 2 0 0 0 0 2 0 0 4 0 1 1 0 4 0 1 3 0 2 0 0 0 0 1 0 0 4 0 0 0 0 0 0 0 5 
User 14: 15 Male Business Man 3 0 0 0 0 0 0 0 0 0 0 0 0 3 0 0 2 0 0 5 0 0 3 5 3 0 0 0 4 0 0 4 1 5 0 2 0 0 5 0 0 0 0 5 2 5 2 0 2 3 
User 15: 25 Male Teacher 0 0 0 0 0 3 0 0 0 0 0 3 0 0 0 0 0 0 4 1 0 0 4 5 0 0 1 5 0 0 2 0 0 4 0 0 0 5 2 1 0 0 0 0 2 1 0 0 0 0 
User 16: 36 Female Business Man 0 0 0 5 0 4 0 0 0 0 0 0 0 0 0 5 0 2 0 1 0 0 0 0 0 2 0 5 0 0 0 1 5 0 0 0 4 3 1 0 0 0 0 1 1 0 1 0 0 0 
User 17: 51 Male Doctor 0 1 0 0 4 3 0 0 5 0 0 1 0 3 0 0 4 0 0 3 2 2 0 0 5 0 3 0 0 0 0 0 0 3 0 0 0 0 0 0 4 0 0 0 0 0 4 0 0 0 
User 18: 64 Male Lawyer 0 0 0 0 1 0 0 5 0 0 0 4 2 0 0 0 3 0 0 0 0 0 0 0 0 0 0 0 2 0 2 0 0 0 0 0 5 0 0 0 2 2 5 0 2 3 5 0 2 1 
User 19: 48 Male Teacher 4 0 5 0 0 5 0 0 0 0 0 0 0 4 5 0 0 0 0 0 0 0 0 5 2 0 3 0 0 3 0 0 1 0 0 0 1 0 0 0 0 1 0 0 0 0 2 0 0 0 
User 20: 55 Female Engineer 0 0 2 2 5 0 5 1 5 0 0 0 0 0 5 0 5 0 0 5 0 0 5 0 0 0 0 0 0 0 0 0 0 0 0 0 0 0 3 0 0 0 1 0 0 5 0 0 0 0 
User 21: 18 Female Miscellaneous 2 0 0 0 2 5 4 0 0 0 0 4 0 0 1 5 0 0 0 0 0 0 0 0 0 0 3 0 0 0 0 3 0 0 0 0 5 0 0 0 0 0 0 0 4 0 3 4 1 0 
User 22: 46 Male Engineer 1 0 0 0 0 0 0 0 0 2 2 2 0 0 1 0 0 1 0 4 0 0 0 0 0 0 5 4 0 0 0 2 0 0 0 0 2 0 0 0 1 0 0 0 0 0 0 0 0 0 
User 23: 66 Female Doctor 3 5 0 2 0 0 0 0 0 0 0 2 0 0 0 0 0 0 3 0 0 2 0 0 2 5 0 0 4 4 2 0 0 0 1 0 0 0 5 0 5 1 5 0 0 1 0 2 5 0 
User 24: 17 Male Business Man 0 0 0 0 0 4 4 0 0 0 0 0 0 5 0 0 3 0 3 0 1 0 0 0 1 0 0 1 0 5 4 0 0 0 0 0 0 3 5 0 0 0 0 0 0 5 0 1 0 0 
User 25: 19 Female Miscellaneous 0 1 1 0 3 0 0 0 0 0 0 0 0 0 1 0 3 1 0 2 4 4 0 0 0 3 5 0 2 0 0 2 0 0 4 2 0 0 4 0 5 5 4 0 0 0 0 0 0 2 
User 26: 14 Male Miscellaneous 0 3 0 3 0 2 5 0 0 0 1 0 0 0 0 0 0 0 3 0 0 0 4 0 0 0 0 0 0 3 0 0 1 0 0 0 1 0 0 0 5 1 5 0 0 0 0 0 0 0 
User 27: 67 Female Teacher 4 3 0 0 0 0 0 0 0 0 2 0 0 0 1 0 1 1 5 0 0 0 0 0 0 0 2 2 0 5 5 5 0 0 0 0 0 0 0 0 1 0 0 0 2 0 5 3 0 5 
User 28: 68 Female Lawyer 2 2 5 0 0 0 4 0 0 0 2 0 0 0 0 0 0 0 0 0 0 5 1 0 0 0 5 2 0 0 0 0 0 2 0 4 1 0 0 4 1 3 0 2 0 4 0 2 5 0 
User 29: 19 Male Teacher 0 3 0 0 0 3 0 0 0 0 0 0 1 0 0 0 0 2 0 0 0 0 0 0 2 1 0 0 2 4 0 0 0 2 0 0 0 0 4 0 5 0 1 1 0 0 3 0 0 0 
User 30: 20 Female Miscellaneous 0 0 5 0 0 0 0 0 4 0 0 2 0 2 5 0 0 5 0 0 5 0 0 0 0 0 2 0 0 0 0 3 3 0 4 0 3 0 0 0 0 0 3 5 5 0 4 4 2 2 


MOVIES

Movie 1: [7, 16, 14, 10, 11] 
Movie 2: [9, 2, 0, 10, 12] 
Movie 3: [3, 16, 6, 0, 11, 9] 
Movie 4: [1, 3, 7, 16] 
Movie 5: [6, 8, 2] 
Movie 6: [0, 2, 6] 
Movie 7: [3, 7, 16, 11] 
Movie 8: [0, 10, 3] 
Movie 9: [10, 1] 
Movie 10: [14, 2, 10, 13] 
Movie 11: [14, 13, 1, 16, 4] 
Movie 12: [3, 7, 14] 
Movie 13: [6, 11, 2, 10] 
Movie 14: [16, 6] 
Movie 15: [11, 12, 17, 16] 
Movie 16: [10, 13, 12, 8] 
Movie 17: [17, 8, 4] 
Movie 18: [9, 17, 8] 
Movie 19: [10, 16, 2] 
Movie 20: [3, 8, 2, 9, 1, 16, 12] 
Movie 21: [4, 0] 
Movie 22: [11, 13, 5] 
Movie 23: [6, 1, 12] 
Movie 24: [7, 5] 
Movie 25: [16, 4, 8, 2, 14] 
Movie 26: [14, 8] 
Movie 27: [10, 13, 14, 16] 
Movie 28: [4, 1] 
Movie 29: [4, 5] 
Movie 30: [0, 9, 12, 3, 11] 
Movie 31: [5, 13, 16, 3] 
Movie 32: [3, 17, 0, 6, 14] 
Movie 33: [13, 9] 
Movie 34: [6, 7, 4, 0, 16] 
Movie 35: [16, 2, 13, 10] 
Movie 36: [12, 4, 10, 13] 
Movie 37: [8, 10, 5, 13, 7] 
Movie 38: [15, 9, 6, 16, 11] 
Movie 39: [11, 12] 
Movie 40: [11, 13, 15, 3] 
Movie 41: [6, 8, 4] 
Movie 42: [17, 2, 15] 
Movie 43: [13, 3] 
Movie 44: [8, 5, 3, 6, 15] 
Movie 45: [8, 5, 11, 2, 16] 
Movie 46: [6, 9, 16, 4, 5] 
Movie 47: [7, 4] 
Movie 48: [15, 11, 16] 
Movie 49: [15, 6] 
Movie 50: [11, 0] 
